# Hessian matrix (atomic units)
0.8428837772888128 -0.09507792747466143 -0.03199522942687719 -0.4205051845061817 0.05837005900384988 0.010555946431715958 -0.17392319727629985 0.11104226105053618 -0.08757107636392605 -0.23853663961999627 -0.04809149572953996 0.0782403686501543 -0.032626074652617874 -0.034980722607611654 0.041153363724316654 0.024932993480179737 0.010387838508867576 -0.011777429038394426 -0.0009285536619623967 0.0006757523183661403 -0.00037739364696841635 -0.0012971210519343605 -0.0023257650698068535 0.0017714496699791716
-0.09507792747466139 0.40170980158329617 -0.35595134030716025 0.04928459053045504 -0.053830978057734694 0.04281048706031055 0.12009945585252688 -0.18917173058372752 0.1665270219192022 -0.050462959959947436 -0.1836432755694991 0.13548334780260543 -0.010192785126797353 0.019303648134261487 0.0002695788303715352 -0.011776699242619303 0.00438112495261084 0.01588882940505597 0.0005369502625012417 0.0015624042748986187 -0.0004588581902664202 -0.0024106248414577282 -0.00031099473410599283 -0.00456906652011915
-0.03199522942687725 -0.3559513403071603 0.3926156523865347 0.01886511562773207 0.04144200906997507 -0.047236784344981804 -0.09632224386177696 0.1673898814670208 -0.16245170193730926 0.07933257678649358 0.13503689807338742 -0.19815838742223793 0.018250414140447882 0.0042911764718802405 0.01002850652960553 0.01038923799621202 0.01287573119313092 0.004379451683400958 -0.0002804986766903838 -0.0004904299371695089 0.001762510908524973 0.0017606274144589499 -0.0045939260310646785 -0.0009392478035371435
-0.4205051845061816 0.04928459053045504 0.018865115627732097 0.41887345584269936 -0.052974215327506805 -0.01484260792956874 0.0011928389548832542 0.00026274727359625223 -0.0007538309842791963 -0.0019938200549476023 0.0012797637453096657 -0.0005776872373239358 0.001647398009282962 0.0007412705146799286 -0.000658768089353662 -0.001296903269730287 0.0017611256511609061 -0.0024102268476528716 0.00018485940945931595 -0.00035333492308681967 0.0003854645937039911 0.0018973556145347932 -1.947464608168186e-06 -7.459133257690085e-06
0.05837005900384988 -0.05383097805773473 0.04144200906997507 -0.05297421532750679 0.040036340445894686 -0.0280553769763511 0.012309190320219175 0.0030990387479178263 -0.00698575403611734 -0.019797552344421706 0.012134691181784263 -0.0065498845249800115 0.0007077383540299471 0.0005830741434050693 0.001333502709927386 0.0017716018452238176 -0.0009390209624715999 -0.004569138097634653 -0.0003792878454697535 -8.2219517555794e-05 0.0005376893850984475 -7.5340059245496245e-06 -0.0010009259812397391 0.002846952470082203
0.01055594643171594 0.042810487060310536 -0.0472367843449818 -0.014842607929568749 -0.028055376976351087 0.0335821834301394 -0.013097904922313245 -0.004982055313595076 0.005562781286390018 0.019878239026039368 -0.009879704491963836 0.008744082205634997 -0.0005717264127305789 0.0013248927365325086 0.0008570255902262294 -0.0023256527145223897 -0.0045936561425907714 -0.00031095719498209503 0.0004055881267827495 0.0005304654764343494 -0.00019820700534468527 -1.8816054031245074e-06 0.002844947651223394 -0.001000123967082065
-0.17392319727629976 0.12009945585252695 -0.09632224386177696 0.0011928389548832442 0.012309190320219177 -0.013097904922313247 0.14876525408146588 -0.12152452898899813 0.1015367293662242 0.024324459076636714 -0.012772232759372223 0.010062552172471756 9.221834022578192e-05 0.0017444905595207494 -0.0023173918626298376 -0.0009282064429378934 -0.0002802205585917012 0.0005370104271211634 0.00029175510307063865 1.8217329585126245e-05 -1.9470656863421035e-05 0.00018487816295544493 0.00040562824511005524 -0.00037928066223364586
0.11104226105053618 -0.18917173058372752 0.16738988146702077 0.00026274727359625234 0.0030990387479178285 -0.004982055313595075 -0.12152452898899814 0.18790225051534004 -0.16556575949998514 0.008584268746703896 -0.001956198616805214 0.005841279849962656 0.0016465148411746971 -0.001294482428087101 -0.0031996114085704177 -0.0003772787744356439 0.00176287871746356 -0.0004585991932159966 -1.9463038015424088e-05 -0.00014350164708590323 0.0004371636565871223 0.00038547888943813086 -0.00019825470501563512 0.0005377004417961153
-0.08757107636392607 0.16652702191920227 -0.1624517019373092 -0.0007538309842792006 -0.006985754036117339 0.005562781286390022 0.10153672936622422 -0.16556575949998517 0.15827383578228899 -0.01116907044214656 0.00868947165336347 -0.0020445106623071256 -0.0023833688552026564 -0.003126748199941132 -0.0006775906105051209 0.0006757212350746152 -0.0004900293662815329 0.0015628117186804885 1.8208393166712256e-05 0.00042133013637280365 -0.00014348990347034144 -0.00035331234891100723 0.000530467393386658 -8.213567376761768e-05
-0.2385366396199963 -0.05046295995994742 0.07933257678649357 -0.0019938200549476613 -0.019797552344421702 0.019878239026039368 0.024324459076636704 0.008584268746703889 -0.011169070442146555 1.0044191122186514 -0.0730082533893561 -0.07300656492461369 -0.5720085612077853 0.046642279827794064 0.046642204183972844 -0.23853522994747908 0.07933502074426393 -0.0504636238977441 0.024324753589801927 -0.011168563129224858 0.00858527103206383 -0.0019940740548820934 0.019875759504188236 -0.019799031764065295
-0.04809149572953989 -0.18364327556949905 0.1350368980733875 0.0012797637453096631 0.012134691181784268 -0.009879704491963839 -0.012772232759372228 -0.0019561986168052316 0.008689471653363465 -0.07300825338935611 0.46171764944478205 -0.30154995867047363 0.04486697568757209 -0.0968035844847579 0.03292814620894524 0.07823904359710523 -0.19814478901058505 0.1354801104427674 0.010063387884439603 -0.002044639586656996 0.005842230374733793 -0.0005771890361582897 0.008740146641737735 -0.006547193590759789
0.07824036865015435 0.13548334780260543 -0.19815838742223785 -0.0005776872373239335 -0.006549884524980006 0.008744082205634999 0.010062552172471744 0.00584127984996268 -0.0020445106623071417 -0.07300656492461363 -0.3015499586704738 0.46174046887309483 0.04486631770435748 0.03292822264570303 -0.09680671483551362 -0.04809434722673699 0.1350399821222615 -0.18365759855545474 -0.012771221572417129 0.008688516755157425 -0.0019561958554064666 0.001280582434108155 -0.00988150598023636 0.012138856252189991
-0.032626074652618006 -0.010192785126797353 0.018250414140447882 0.0016473980092829123 0.00070773835402995 -0.0005717264127305757 9.221834022577583e-05 0.001646514841174691 -0.002383368855202646 -0.5720085612077853 0.0448669756875721 0.0448663177043575 0.6337818391836629 -0.05232319995859265 -0.052322560156384104 -0.03262646363185955 0.018249901648794517 -0.010193225676161776 9.221509714676762e-05 -0.0023833675796147255 0.0016465197084529683 0.0016474288619444588 -0.000571777866566542 0.0007076295472207828
-0.0349807226076117 0.019303648134261518 0.004291176471880216 0.0007412705146798893 0.000583074143405079 0.0013248927365325039 0.0017444905595207511 -0.0012944824280871267 -0.0031267481999411304 0.04664227982779407 -0.09680358448475793 0.032928222645703054 -0.052323199958592664 0.06800351627773935 -0.033821163462704876 0.04115187218401878 0.010027719002716727 0.00026990400125607804 -0.0023174688636151334 -0.0006773695767883547 -0.0031996348874252234 -0.0006585216561941636 0.0008574789315107595 0.0013333506946993636
0.04115336372431673 0.0002695788303715648 0.010028506529605513 -0.0006587680893536059 0.0013335027099273917 0.0008570255902262277 -0.002317391862629859 -0.0031996114085703995 -0.0006775906105051323 0.04664220418397289 0.03292814620894527 -0.09680671483551365 -0.052322560156384104 -0.03382116346270489 0.06800662511868899 -0.034983372005037 0.00429116264719136 0.019303574467662572 0.0017448937085520113 -0.003126678520528776 -0.001294331166387972 0.0007416304965630995 0.0013250629953685234 0.0005829049062233996
0.024932993480179654 -0.011776699242619298 0.01038923799621203 -0.0012969032697303037 0.001771601845223809 -0.0023256527145223893 -0.0009282064429378878 -0.00037727877443565275 0.0006757212350746082 -0.23853522994747908 0.0782390435971052 -0.04809434722673699 -0.032626463631859594 0.04115187218401882 -0.03498337200503702 0.8428657047628781 -0.032044775204220104 -0.09512949176251952 -0.17392535507949086 -0.0875788784753185 0.11104008462054561 -0.42048653987156037 0.01061511407024574 0.05842781985698369
0.010387838508867627 0.0043811249526108315 0.01287573119313087 0.0017611256511609278 -0.0009390209624716056 -0.004593656142590775 -0.0002802205585916911 0.0017628787174635639 -0.0004900293662815135 0.07933502074426395 -0.19814478901058505 0.13503998212226148 0.018249901648794517 0.010027719002716711 0.004291162647191356 -0.03204477520422011 0.3926260659010473 -0.35594200070603726 -0.09632843474822324 -0.16247307027930852 0.16738716153568658 0.018919543957948134 -0.047240908321473256 0.04143164871663924
-0.011777429038394469 0.015888829405056006 0.0043794516834010045 -0.0024102268476528916 -0.004569138097634657 -0.0003109571949820888 0.0005370104271211873 -0.00045859919321599173 0.0015628117186805063 -0.05046362389774414 0.13548011044276745 -0.1836575985554548 -0.010193225676161788 0.0002699040012560768 0.019303574467662562 -0.09512949176251957 -0.35594200070603715 0.4017141704304688 0.12009951170906208 0.1665296817105919 -0.18914517237845466 0.04933747508628949 0.042801212437216435 -0.05384628017132125
-0.000928553661962392 0.000536950262501237 -0.00028049867669037996 0.00018485940945931807 -0.0003792878454697541 0.00040558812678274947 0.0002917551030706408 -1.9463038015424555e-05 1.82083931667116e-05 0.024324753589801927 0.0100633878844396 -0.01277122157241712 9.221509714677219e-05 -0.0023174688636151274 0.0017448937085519998 -0.17392535507949083 -0.09632843474822324 0.12009951170906208 0.14876801411865115 0.10154427506422736 -0.12152256809150583 0.0011923114233234936 -0.01309995871584464 0.012306086403049761
0.0006757523183661383 0.0015624042748985953 -0.0004904299371695266 -0.0003533349230868193 -8.221951755579604e-05 0.00053046547643435 1.8217329585128827e-05 -0.00014350164708590678 0.00042133013637280474 -0.011168563129224858 -0.00204463958665699 0.008688516755157444 -0.002383367579614727 -0.0006773695767883616 -0.0031266785205287632 -0.08757887847531849 -0.1624730702793085 0.16652968171059193 0.10154427506422734 0.15829141623450885 -0.16556564692733008 -0.0007541006049336863 0.0055669800979880986 -0.006987238693528177
-0.0003773936469684218 -0.0004588581902664268 0.0017625109085249624 0.00038546459370399126 0.0005376893850984478 -0.00019820700534468384 -1.9470656863419954e-05 0.00043716365658712464 -0.00014348990347033802 0.008585271032063831 0.005842230374733799 -0.0019561958554064505 0.0016465197084529692 -0.0031996348874252277 -0.0012943311663879812 0.11104008462054561 0.16738716153568653 -0.18914517237845468 -0.12152256809150581 -0.16556564692733006 0.18787949118151037 0.00026209244057124074 -0.004980104947084171 0.003095394219028831
-0.0012971210519343672 -0.0024106248414577243 0.0017606274144589397 0.0018973556145347919 -7.53400592455022e-06 -1.8816054031248905e-06 0.00018487816295544615 0.0003854788894381308 -0.0003533123489110074 -0.0019940740548820865 -0.0005771890361582898 0.0012805824341081532 0.001647428861944459 -0.000658521656194154 0.0007416304965631054 -0.4204865398715605 0.018919543957948128 0.049337475086289495 0.0011923114233234951 -0.0007541006049336873 0.00026209244057124107 0.4188557609156187 -0.01489705270271783 -0.05302721391767679
-0.0023257650698068366 -0.0003109947341059906 -0.004593926031064682 -1.947464608165519e-06 -0.0010009259812397396 0.0028449476512233934 0.0004056282451100553 -0.00019825470501563455 0.000530467393386658 0.019875759504188233 0.008740146641737733 -0.009881505980236365 -0.0005717778665665395 0.0008574789315107589 0.0013250629953685227 0.010615114070245743 -0.047240908321473256 0.042801212437216435 -0.013099958715844639 0.0055669800979880986 -0.0049801049470841715 -0.014897052702717836 0.03358647807059803 -0.028046153518809805
0.0017714496699791592 -0.004569066520119149 -0.0009392478035371363 -7.4591332576924385e-06 0.002846952470082203 -0.0010001239670820643 -0.00037928066223364576 0.0005377004417961149 -8.213567376761574e-05 -0.019799031764065292 -0.006547193590759793 0.012138856252189996 0.0007076295472207764 0.001333350694699369 0.0005829049062233998 0.05842781985698369 0.041431648716639236 -0.053846280171321266 0.012306086403049756 -0.00698723869352818 0.00309539421902883 -0.0530272139176768 -0.028046153518809805 0.04005063223826585
